#  xdot_1       err    ydot_1       err    xdot_2       err    ydot_2       err
   -7.168     0.023    32.515     0.027   -7.3269    0.0533    32.912    0.0602
  -70.367     0.041    87.214     0.048   -70.413    0.0577    87.323    0.0678
    2.002     0.036    -3.903     0.045    1.7817    0.0889   -3.6651    0.0873
     6.81     0.101    -6.592      0.11    6.0226    0.0376   -5.4039    0.0482
  -14.424     0.035   -24.705     0.039   -14.466    0.0433    -24.48    0.0454
    3.739     0.059     -1.83     0.061    3.5834    0.0381   -1.6398    0.0465
    7.756     0.044    -6.997     0.041    7.6484    0.0374   -6.7772    0.0445
    0.521     0.078    -2.477     0.087    0.5263    0.0454   -2.4289    0.0575
    0.089     0.077   -35.779     0.095   -0.0315    0.0449   -35.608     0.048
    1.344     0.045    -2.863     0.056     2.179    0.0702   -1.9552    0.0776
   -3.513     0.049     22.84     0.056   -3.5456    0.0481    22.934    0.0614
   -3.241     0.061   -16.734     0.065   -3.4295    0.0422   -16.624    0.0457
    2.674     0.037    19.188     0.047      6.03    0.0656    17.587    0.0824
  -19.477     0.035    -6.675     0.039   -19.639     0.037   -6.5672    0.0454
   11.856     0.544     36.53     0.498     12.12    0.0499    36.822    0.0594
  -10.737     0.085   -17.674      0.08   -10.878    0.0443   -17.642    0.0533
    7.809     0.027    59.307     0.037    10.782    0.0353    60.681    0.0658
   15.174     0.069    16.543     0.081    15.098     0.049    16.472     0.059
   14.089     0.076    10.327     0.081    13.927    0.0532    10.453     0.055
    6.063     0.062    27.027     0.081     5.967    0.0478    27.176    0.0559
   -6.418     0.042   -13.633     0.051   -5.3265    0.0577   -18.947    0.0606
   -5.531     0.056    -2.137     0.063   -6.3161    0.0761   -3.7419     0.087
    1.019     0.052     2.463     0.051    1.0086    0.0604    2.6958    0.0857
    8.666     0.103   -17.159     0.119    9.0776    0.0414   -17.397    0.0441
    8.073     0.025     -8.38     0.029    8.1635    0.0516   -8.3569    0.0572
   -0.527      0.02    -0.672     0.024    -0.679    0.0782   -0.4807    0.0867
   11.402     0.033    19.601     0.038    11.313    0.0642    19.835    0.0662
    1.638     0.058     1.994     0.068    1.4645    0.0719    2.0398     0.075
   -0.067     0.039    -1.468     0.048   -0.2543    0.0417   -1.4576    0.0435
   42.883     0.123    177.78     0.145    42.922    0.0396    177.89    0.0404
   -0.609      0.04     1.746     0.053   -0.7124    0.0598    1.8588    0.0655
    7.231     0.028    -4.547     0.032    7.1523    0.0522   -4.3864    0.0588
   13.574      0.06    47.075     0.066    13.476    0.0457    47.247    0.0479
   -5.374     0.038    -4.258      0.05   -5.5747    0.0497   -4.0686    0.0622
    9.133     0.056     1.556     0.072    9.0544    0.0491     1.725    0.0571
   -1.876     0.036    -7.504     0.039   -2.4866    0.0558   -8.9867    0.0644
    3.453     0.066   -19.852     0.072    4.0555    0.0629   -19.949    0.0611
    5.273     0.024     0.414     0.029    5.2676    0.0673    0.6263    0.0874
   10.507     0.021      6.09     0.025    10.387    0.0649    6.2393    0.0791
   26.827     0.101    11.999     0.117     26.72     0.042    12.127    0.0422
   -3.368     0.143    -5.713     0.167   -3.1242    0.0781   -4.9317    0.0535
    1.862     0.023    -3.389     0.025    1.7955    0.0643   -3.3605    0.0698
  -11.176     0.079    -5.992      0.09   -11.249    0.0499   -5.9504    0.0681
    1.125     0.051    -3.422     0.056    1.8772    0.1526   -3.4539     0.147
    5.699     0.125    17.619     0.137     5.637    0.0513    17.761    0.0544
    1.721     0.053     3.533     0.049    1.0601    0.0525    3.6914    0.0612
     0.75     0.095    -5.143     0.086    0.6042    0.0414   -4.9633    0.0441
    5.825       0.1    -9.675     0.101    5.8673    0.0832   -9.7204    0.1152
   -4.261     0.033   -15.839     0.036   -4.3244    0.0664   -15.716    0.0556
   -0.155      0.04   -10.033     0.052   -0.3877    0.0511   -9.8695    0.0661
   -8.671      0.04    -8.817     0.048   -8.9127    0.0456   -8.4103    0.0552
   -1.094     0.062    -8.046     0.065   -1.2086    0.0513   -7.9508    0.0529
   11.746     0.043    -4.932     0.038    11.616    0.0593   -4.6414    0.0634
   -0.821     0.055     0.806     0.057    -1.306    0.0774    0.0128    0.0873
   -0.053     0.025    -8.756     0.029    0.9458    0.0593   -8.3878     0.068
  -21.951     0.035   -25.615     0.038   -22.163    0.0418   -25.671    0.0496
    4.647     0.035    -5.481     0.043    4.6619    0.0492    -5.298    0.0585
   -3.568      0.05    -0.956     0.059   -4.8025    0.1689   -1.1663    0.2253
    3.857     0.031    -6.704     0.038    3.5644    0.0604   -4.4025    0.0723
   15.136     0.031    16.339     0.031    14.152    0.1543    17.418    0.2034
   -7.555     0.093    -1.199     0.086   -7.9373    0.0397   -2.0268    0.0428
    1.186     0.026    -4.076     0.032    0.9233     0.047   -3.4018    0.0565
    7.223     0.095     7.666     0.106    7.2043     0.049    7.8636    0.0522
   -1.389     0.057    -4.054      0.06   -1.3921    0.0441   -3.4936    0.0466
    1.719     0.037     0.056     0.039    1.6007    0.0654    0.3765     0.069
    5.254     0.076   -43.829     0.087    5.1747    0.0389   -43.673    0.0474
    5.656     0.048      6.89     0.055    5.3562     0.049    6.9286    0.0533
  -74.432     0.066   -88.904      0.07   -74.596    0.0402   -88.786    0.0487
    1.833     0.034    13.959      0.04    1.6773    0.0595      13.9    0.0531
   75.647      0.04    84.678     0.035    75.662    0.1277    85.291    0.1341
  -20.972     0.048   -13.814     0.057   -21.168    0.0473   -13.651    0.0565
    2.601     0.047     0.002      0.05    5.2345    0.4053    -1.515    0.3748
   16.005     0.046    26.027      0.06    15.788     0.038    26.177    0.0548
    1.735     0.049    -2.941     0.062    1.6506    0.0713   -2.9986    0.0842
   110.67     0.084    103.25     0.089    110.85    0.0399    103.12    0.0451
   38.693     0.068     5.837     0.083    38.575    0.0366     6.015    0.0484
    -2.87     0.037   -11.017     0.048   -3.0171    0.0335    -10.89    0.0423
    0.935      0.03     3.186     0.034    0.5288    0.2458    3.4982    0.2844
      5.8     0.035    -6.483     0.042     5.665    0.0412   -6.2825    0.0501
   10.248     0.049   -29.553     0.053    10.122    0.0455   -29.382    0.0524
    1.658     0.052    -0.459     0.065    2.6679     0.063   -1.6434    0.0848
   56.718     0.325    196.78     0.386    57.177    0.0441     195.9    0.0538
    0.904     0.054    -5.503     0.061    0.8644    0.0674   -5.4709    0.0735
   -2.315     0.049   -12.836      0.05   -2.2193    0.0535   -11.161    0.0587
   -7.854      0.04   -23.053     0.039   -7.9769    0.0511    -22.96    0.0523
    0.603     0.054     -4.76      0.07    0.3547     0.066   -4.5457    0.0773
   28.105     0.067    28.471     0.071    27.951    0.0536    28.585    0.0556
   -1.055     0.034     -1.64     0.045   -1.1927    0.0641   -1.6931    0.0702
    5.129     0.061     3.084     0.069    5.0673    0.0514    3.2906    0.0612
   -2.304     0.021    -2.891     0.027    -2.341    0.0391   -2.8442    0.0513
    9.841      0.03    36.969     0.038    9.7807     0.086    36.434    0.0937
   -6.484     0.052    -8.738     0.073   -6.2754    0.0472   -9.2967    0.0639
   47.621      0.04    45.632     0.048    47.539    0.0501    45.703    0.0599
   39.923     0.026   -33.356     0.028    38.659     0.057   -33.192    0.0737
   20.653     0.065    23.925     0.069    20.578    0.0568    24.059    0.0572
  -59.493     0.142    132.52     0.155   -59.601    0.0392    132.76    0.0455
    1.013     0.048    -3.469     0.049    0.6408    0.0428   -3.6597    0.0469
    1.627     0.055    -2.554     0.064    1.4814    0.0452   -2.3506    0.0466
   -1.839     0.156     4.556     0.196    -1.887    0.0443    4.6789    0.0498
  -229.37     0.112   -104.45     0.112   -229.32    0.0588   -103.99    0.0577
  -12.501     0.112   -159.23      0.11     -12.7    0.0443   -159.05    0.0459
    0.427     0.032    -0.174     0.039   -0.2585    0.1056    0.2082    0.1292
       33     0.018   -31.957     0.023    33.156    0.0412   -31.722    0.0589
    9.108      0.03    10.589     0.034     8.566    0.0796    11.008    0.0818
    5.766     0.023     8.805     0.034    5.6678    0.0618    9.1504    0.0675
    0.163     0.061     0.587     0.077    0.0451    0.0364    0.8115    0.0453
    2.765     0.024     9.664     0.028    2.6511    0.0626    9.8028    0.0692
  -28.318      0.07   -36.755     0.068    -28.58    0.0423   -36.714    0.0521
    0.059     0.041    -4.715     0.045    0.1303    0.0594   -4.5124    0.0822
   -2.603     0.031    -8.178     0.038   -2.3636    0.1394   -8.6012    0.1508
   13.101     0.038   -38.049     0.042    12.953    0.0466   -37.799    0.0496
    3.826     0.054      4.15     0.068    3.7955    0.0373    4.2633    0.0494
   -6.362     0.045     2.972     0.055   -6.3004    0.0767    3.1555    0.0841
   -9.955     0.064    28.702     0.072   -10.135    0.0475     28.85    0.0513
     1.14     0.029    -4.226     0.044     1.111    0.0625    -3.991    0.0861
   -30.76      0.04   -121.42     0.042    -30.92    0.0522   -121.24    0.0523
   -0.195     0.076    -1.408     0.092   -0.3125    0.0454   -0.5599    0.0602
   -1.724     0.052    -2.455      0.06   -1.8818    0.0578   -2.4721    0.0801
   -51.49     0.173   -193.63     0.143   -51.675    0.0432   -193.45    0.0438
   17.928      0.04    -5.146     0.041    17.838     0.054   -4.8976    0.0538
   17.076     0.051     3.906      0.06    16.712    0.0947    4.1837    0.0935
    0.271     0.578    -4.015     0.678    0.2943     0.056    -4.455    0.0532
    3.137     0.032     3.364     0.038    3.0786    0.0567    3.5453    0.0688
    1.729     0.052     2.634     0.053    1.5621    0.0511    2.7933    0.0588
  -13.657     0.051   -36.948     0.049   -13.894    0.0504   -36.712    0.0604
    2.605     0.071     2.803     0.075    2.7352    0.0619    2.5438     0.054
   43.768     0.028    73.151     0.028    43.621    0.0488    73.327    0.0507
    8.651     0.051     4.215     0.059    8.5554    0.0505    4.5329    0.0649
    -0.56     0.054     0.186     0.056   -0.6051    0.0523    0.2894    0.0525
   -7.968     0.069     1.292     0.094   -8.0674    0.0517    1.4023      0.06
   20.121     0.027     4.674      0.04    20.044    0.0479    4.8466    0.0588
    6.001     0.069     2.338     0.089    5.9401    0.0406    2.5574    0.0472
    5.783      0.02     4.669     0.027    5.8012     0.073    4.8924    0.0843
   20.865     0.081   -25.005       0.1     20.89    0.0377   -24.962    0.0424
     1.95      0.03    79.608      0.03    0.9117    0.2453    80.352    0.2366
   -8.795     0.071   -11.803      0.08   -8.8995    0.0477   -11.757    0.0527
   -5.351     0.035   -87.817     0.041   -5.4001    0.0508   -87.735    0.0564
   17.365     0.055    13.742     0.069    17.285    0.0457    14.022    0.0509
  -69.423     0.042   -47.297     0.047   -69.595    0.0474   -47.174    0.0445
   -0.244     0.033    -8.491     0.042   -0.1764    0.0597   -8.3848    0.0589
   -7.261     0.054    -0.641     0.054   -7.2773    0.0484   -0.4097    0.0571
  -80.773     0.026   -92.989     0.032   -80.898    0.0398    -92.75    0.0492
    -1.42     0.042    -2.792     0.056   -1.4264    0.0525   -2.7633    0.0631
    4.136     0.018     0.478     0.023    4.0471    0.0508    0.6216    0.0563
   30.635     0.033     -14.7     0.048    30.965    0.0367   -14.586    0.0478
   -0.688     0.052     1.751     0.072   -0.7962    0.0842    1.8627    0.1237
  -190.08     0.148    189.87     0.164   -190.15    0.0508    189.89    0.0484
    10.83     0.066    174.92     0.063    10.692    0.1509     174.6    0.1475
    2.344     0.537    -2.845     0.668      2.54    0.0502   -3.8411    0.0509
   -0.206     0.049     1.509     0.053   -0.6611    0.0613    1.8417    0.0562
   -6.756     0.052    -6.512     0.074   -6.9477    0.0473   -6.2801    0.0586
    1.098     0.052    -8.103     0.051    1.6023    0.0413   -7.6441      0.05
    6.239     0.035     5.426      0.04    5.8573    0.1305    5.7028    0.1524
   -0.102      0.05    -5.359     0.055    0.0899    0.0786   -5.3041    0.0893
  -25.203     0.038   -100.91      0.05   -25.258    0.0489   -100.22    0.0473
    11.66     0.094      9.66     0.102    11.468    0.0497    9.8096    0.0555
   12.439     0.023    19.392     0.036    12.367      0.08    20.756    0.1239
   11.926     0.036     6.102     0.046    10.989    0.0542    6.8249    0.0687
   159.74     0.042    231.51     0.059    159.97    0.0512    231.44    0.0558
   14.474     0.048   -10.514     0.058    14.171    0.0519   -10.529    0.0693
    0.937     0.023    -4.205     0.032    1.0384    0.0537   -4.2224    0.0575
  -81.004     0.045    -6.143     0.048   -81.105    0.0413   -5.9396    0.0526
    -5.85     0.049    -3.668     0.054    -6.178     0.069   -3.4828    0.0807
   -2.045     0.055     -1.13     0.067   -2.2734    0.0716   -0.7132    0.0852
   -4.188     0.065    -26.93     0.079   -3.9108    0.0533    -27.51    0.0588
    0.244     0.081    -0.288     0.118      0.07    0.0401   -0.1274    0.0438
   -0.225     0.039   -15.557     0.045   -0.0533    0.1075   -15.316    0.0995
   -0.918     0.045    -2.631     0.049   -1.0858    0.0405   -2.8346    0.0472
   -61.24     0.023   -183.35     0.025   -61.524    0.1913   -183.67    0.2106
   18.935      0.04    18.993     0.043    18.873    0.0568    19.111    0.0575
    2.414     0.094    -2.729     0.104    2.3156    0.0523    -6.026    0.0516
   -0.004     0.038    -0.524     0.047   -0.2327    0.0544   -0.1713    0.0655
    9.524     0.045    -8.833     0.077    9.4852    0.0496    -8.782    0.0564
   -3.544     0.071    -4.925     0.084   -3.6855    0.0483   -4.8021    0.0587
    4.696     0.042    -0.366     0.054    4.6017    0.0529   -0.0438    0.0624
    1.978     0.041     3.247     0.044    0.5737    0.1217    3.7376     0.138
  -20.585     0.032    10.098     0.042   -20.691    0.0371    10.287    0.0457
    7.375     0.046   -14.564     0.048    7.2902    0.0545   -14.382    0.0532
   -0.886     0.077    -3.761     0.087   -1.1962    0.0418   -2.7014    0.0483
   12.333      0.04    -4.158     0.042    12.316    0.0391   -4.1359    0.0437
     18.4     0.037    26.182     0.043    18.512    0.0523     26.28     0.056
    6.133     0.057    -5.603      0.08    6.0252    0.0489    -5.532    0.0612
   -0.312     0.039    -1.197      0.04   -0.3421    0.1005   -0.0307    0.1095
    1.061      0.02    -4.056     0.033    0.9482    0.0556   -3.8081    0.0673
    6.382     0.028   -31.785     0.047    6.4398     0.043    -31.63    0.0574
    1.948     0.033    -4.591     0.043    1.8327    0.0505   -4.5384    0.0623
    3.517     0.049      1.61     0.051     3.272    0.0637    1.5451    0.0661
  -164.46     0.094   -100.94     0.109   -164.57    0.0476   -100.84    0.0533
   47.396     0.046    115.28     0.077    47.269    0.0447    115.29    0.0485
    2.391     0.037     8.347      0.04    4.2785    0.0581    5.8204     0.063
    4.288     0.021   -30.867     0.023    4.4099     0.049   -31.331    0.0544
  -14.313     0.034     9.679     0.039   -14.395    0.0481    9.6352     0.052
    2.341     0.045     6.564     0.058   -0.3439    0.0762    6.9363    0.0826
   23.756     0.033    13.087     0.042     23.64    0.0414    13.207    0.0446
   -0.136     0.044    -5.062     0.057    0.0263    0.0608   -4.8151    0.0669
    7.488     0.034     0.524     0.039     7.689    0.0726    1.3432    0.0768
    6.684     0.032    11.289     0.035    6.4898    0.0574    11.642    0.0548
    38.16     0.031    29.048     0.032    38.082    0.0367    29.187    0.0473
    8.005     0.063     8.929     0.074    7.9141     0.044    9.0791     0.054
   -0.497     0.063    -5.979     0.079   -0.5887    0.0629   -5.8372    0.0678
    4.999     0.021    78.471     0.031    4.8803    0.0419    78.745    0.0578
    0.612     0.059     1.098     0.071    0.5541     0.057    1.1999    0.0657
   -1.032     0.047    -2.971     0.066   -1.0131    0.0523   -2.8631    0.0628
    9.521     0.048     4.762     0.072    9.2326    0.0585    4.6427    0.0707
   -2.616      0.04    -9.091     0.045   -2.5842    0.0565   -8.9151    0.0543
   -3.337     0.158   -19.915     0.193   -3.5604    0.0376   -19.708    0.0454
    8.898     0.088     7.912      0.12    9.3095    0.0404    7.1218    0.0461
    77.83      0.06   -94.507     0.071    77.734    0.0453   -94.269     0.054
   -1.919     0.023    -3.778     0.032   -1.6874    0.0639   -3.6662    0.0716
    1.599     0.041     -4.63     0.066    1.4666    0.0503    -4.587    0.0576
   -0.674     0.055     -4.94     0.064   -0.7777     0.046   -4.8791     0.048
    0.758     0.029    -1.016     0.043   -1.1084    0.0617   -1.3942    0.0603
    3.916      0.03     1.517      0.04    3.0037    0.0732    2.4671    0.0826
    12.71     0.036    -1.531     0.042    12.632    0.0648   -1.5766    0.0687
   102.69     0.069    89.749     0.079    102.33    0.0529    89.911    0.0577
    5.935     0.042    -1.765     0.065     6.333    0.0729   -2.6886    0.0764
   27.466     0.257   -10.796     0.276    27.495    0.0445   -11.542    0.0508
   27.472     0.116   -12.322     0.133    27.412    0.0492    -12.19    0.0494
    7.212     0.044     0.085      0.05    7.2237    0.0815     2.435    0.0938
    2.391      0.04     7.017     0.045    2.7839    0.0672    8.7892    0.1094
    5.481     0.044     4.063     0.053    5.4553    0.0609    4.1512    0.0735
     7.19     0.076    17.616     0.083    7.1458    0.0541    17.794    0.0575
   -2.002      0.05     3.212     0.054   -5.7852    0.0856    2.6998    0.0832
    6.988     0.045     6.492     0.052    7.6844    0.0762    7.3275    0.0808
    0.514     0.044    -0.871     0.049    0.2335    0.0616   -0.8771    0.0649
    5.117     0.034   -16.933     0.045    5.2321    0.0594   -16.778    0.0595
  -24.306     0.219   -180.17     0.195    -24.34    0.0454   -180.01    0.0506
    8.352     0.056    21.034     0.083    8.2751    0.0521    21.273    0.0601
   -8.574     0.024    -9.145     0.034   -8.6487    0.0495   -9.0295    0.0541
   -7.134     0.058   -16.872     0.063   -7.0897     0.051   -16.724    0.0503
   -0.196     0.026    -7.178     0.027   -0.1222    0.1871   -7.4298    0.1811
   49.522     0.043    227.75     0.051    63.992    0.3955    234.56    0.4725
    8.313     0.036     6.694     0.044    8.1009    0.1381    7.5647     0.133
   11.268     0.095    -13.61     0.121    11.104    0.0473   -13.482    0.0494
   -1.355     0.033    -6.665     0.051   -1.4004    0.0542   -6.4866    0.0679
   13.523     0.034     8.213     0.048     13.89    0.0798    8.3701    0.0864
   -0.706     0.105   -11.563     0.146   -0.1636    0.0501   -10.233    0.0566
    1.786     0.032     -4.39     0.039    1.7297    0.0648     -4.09    0.0719
   -0.645     0.041    -6.648     0.068   -0.7026    0.0466   -6.6853     0.059
  -12.958      0.09    25.225     0.091   -13.103    0.0659    25.789    0.0856
   -1.384     0.034    -9.241     0.046   -1.2495    0.0757   -9.1243    0.0789
    7.397     0.035    -0.585     0.061    7.2248    0.0634   -0.3484    0.0773
  -20.135     0.099    11.032     0.118   -20.186    0.0414    11.161    0.0489
    -0.64     0.057    -1.691     0.059   -0.8144    0.0401   -1.6135    0.0394
   -5.372      0.04    -9.999     0.053   -5.4379    0.0435   -9.8574    0.0551
   -0.094     0.024    -3.399     0.037    0.2005    0.1054    -2.784    0.1013
   14.658      0.05     3.481     0.067     14.73     0.045    3.7342    0.0582
    0.284     0.025   -11.691     0.027    0.2299    0.0545   -11.464     0.056
   19.211      0.03     11.67     0.038    18.676    0.0556    11.912    0.0579
   10.105     0.032    22.048     0.039     9.941    0.0459    22.153    0.0595
  -13.164     0.056   -52.985     0.079   -13.247    0.0486   -53.056    0.0549
   -5.107     0.057    -5.704     0.076   -5.1717     0.044    -5.659     0.053
    5.265     0.031    -3.662     0.039    6.7494     0.074   -3.6192    0.0789
    1.684     0.057     0.716     0.066    1.5217    0.0565    0.8005    0.0663
    9.528     0.072     -9.69      0.08    9.5583    0.0546   -9.5121    0.0572
    4.492     0.059   -42.254      0.09     4.421    0.0415   -42.261    0.0517
   -9.436     0.057    -1.884     0.072   -9.4647    0.0431   -1.8506    0.0554
  -73.923     0.036   -157.56     0.056   -74.105    0.0408   -157.33    0.0546
    3.287     0.036    -2.179     0.051    5.7078    0.0736   -0.3074    0.0951
     0.62     0.034    -7.845      0.04     0.343     0.074    -7.618     0.077
    2.966     0.049   -15.365     0.065    2.6741    0.0749   -15.229    0.0771
    -1.16     0.081   -18.881     0.085   -1.2531    0.0479     -18.8    0.0504
   35.134     0.061   -50.695     0.094    34.966    0.0411   -50.661    0.0488
   29.268     0.019    19.035     0.033    29.086    0.0426    19.233    0.0504
    5.003     0.027   -20.969     0.048    4.8589    0.0518   -20.804      0.06
   -1.868      0.02    -18.46     0.034   -1.9911    0.0393   -18.189    0.0455
   -1.773     0.081    -6.733     0.122   -1.9536    0.0529   -6.1122    0.0578
    1.698     0.059    -1.245      0.11      1.72    0.0405   -1.1421    0.0489
    -5.95     0.068   -21.485     0.071   -6.1401    0.0445   -21.464    0.0456
   -2.096     0.094     -8.66     0.108   -2.2409    0.0993    -8.844    0.0811
   -5.783     0.107    -8.817     0.112   -5.7929    0.0481   -8.7606     0.045
   14.775     0.027    17.701      0.03    14.822    0.1363    13.554    0.1439
     59.7     0.019    36.413     0.028    59.568    0.0498    36.721    0.0541
   -1.291     0.064    -5.394     0.063   -1.2248    0.0647   -5.3077    0.0614
    7.192     0.033   -10.308     0.037    7.1699    0.0623   -10.155    0.0745
    5.218     0.028     3.379      0.03    5.4787    0.0883    3.5984     0.084
   -0.719     0.023    -8.729     0.039   -0.5957    0.0672   -8.4497    0.0794
    4.037     0.022    -1.281     0.026    4.0721    0.1104   -1.1042    0.1036
   -0.507     0.029   -43.657     0.033   -0.5728    0.0505   -43.439    0.0504
    9.542     0.034    -5.996     0.056      9.58    0.0538   -5.9395    0.0609
    9.233     0.038    18.048     0.041     9.267    0.0701    18.293    0.0716
  -32.789     0.093   -10.614     0.114   -32.987    0.0454   -10.323    0.0498
   18.014     0.045     6.093      0.05    17.754    0.0685    6.2602     0.072
   -0.541     0.034   -14.935     0.047   -0.5972    0.0736   -15.715    0.0959
   -14.78     0.087   -22.406     0.104   -14.901    0.0373   -22.067    0.0439
    4.407      0.04   -14.714     0.049    4.3831    0.0529   -14.531    0.0571
    0.179     0.045    -0.148     0.049    0.1855    0.0667   -0.0176    0.0727
    18.12     0.056     13.57     0.073    17.969    0.0528    13.644    0.0552
  -31.608     0.021   -81.065      0.03   -31.499    0.0445   -80.782    0.0464
   -2.796     0.049     -16.3     0.065   -3.3705    0.0613   -16.199    0.0576
    8.451     0.034   -16.984     0.057    8.7643    0.5367   -18.455    0.5347
    0.569     0.029      5.79     0.027    0.5986    0.0487    5.9001    0.0549
   -1.123     0.026      5.77     0.047   -1.2018    0.0564    5.7454    0.0576
  -15.453     0.054   -27.648      0.06   -15.594    0.0508   -27.358    0.0597
   21.439     0.024    12.699     0.032     21.37    0.0529    12.752    0.0583
   -1.098     0.048    -3.981     0.059   -1.2478    0.0577   -4.1991    0.0675
   15.411     0.031     4.335     0.052    15.863     0.089    6.5979    0.1102
  -98.016     0.035    51.844     0.044   -98.311    0.0457    51.947    0.0527
    2.748      0.07    -4.826     0.075    2.8391    0.0533    -4.308    0.0681
   -3.504      0.15    -4.488     0.184   -3.5759    0.0444   -4.3365    0.0494
   -2.458     0.042   -17.924     0.047   -2.3264    0.0495   -17.876    0.0518
     6.25     0.023     0.466     0.038    6.0724    0.0537    0.8018    0.0622
    11.58     0.037   -19.189     0.036    11.324     0.051   -18.883     0.062
    -2.11     0.033    -6.276     0.036   -2.2121    0.0589   -6.0611    0.0711
   -1.387     0.054    -6.121     0.056   -1.3765    0.0733    -6.064    0.0812
  -10.412     0.036    -9.231     0.047   -10.592    0.0461   -9.2365     0.052
   18.697     0.046   -11.578     0.072    18.913    0.0439   -11.788    0.0503
    1.093     0.044     -0.63     0.045    1.0397    0.0785    -0.412    0.0745
   -6.306     0.063    -4.649     0.067   -6.4133    0.0581   -4.7909    0.0641
    0.598     0.046   -11.959     0.053   -0.2848    0.1096    -10.29    0.1157
    1.015      0.02     -5.54     0.031    0.9269    0.0633   -5.4457    0.0758
   14.859     0.077     -2.33      0.08    14.819    0.0514   -2.4068    0.0583
    5.323     0.025     7.516     0.043    5.1792    0.0558    7.8825    0.0657
    3.636     0.028    -0.036     0.033    3.6833    0.0508    0.0928    0.0573
   14.122     0.082    -3.737     0.104    14.044    0.0476   -3.5811    0.0549
   26.395     0.033    22.109     0.053    26.253    0.0554    22.265    0.0658
    -1.02     0.042     2.851      0.05   -0.9973    0.0853    3.0577    0.0832
   -4.998      0.03    -1.912     0.036   -5.1776    0.0572   -1.8318    0.0667
   -3.129     0.042    -6.254     0.053   -3.1378    0.0582   -6.0954    0.0614
   -5.286     0.041   -15.826     0.047   -5.2889    0.0746   -15.631    0.0844
    7.282     0.059    -0.034      0.08    7.2042    0.0474    0.1286     0.052
   23.154     0.023    13.726     0.032    24.177    0.1096    14.699    0.1531
   11.921     0.025    17.258     0.031    11.768    0.0492    17.538    0.0623
   165.78     0.028   -11.266      0.03    165.62    0.0546   -11.145    0.0534
    7.245     0.052   -23.427     0.063    7.2133    0.0521   -23.221    0.0597
  -14.804     0.054   -10.752     0.058   -14.808    0.0401   -10.544     0.042
  -16.035     0.067   -198.11     0.086   -16.088    0.0541    -197.9    0.0568
   -2.317     0.067   -10.634     0.072   -2.2565    0.0448   -10.072    0.0508
    4.244     0.032     1.036     0.047    4.6199    0.1374    0.2004    0.1576
    2.032     0.022    -0.735      0.03    1.9936     0.087   -0.5305    0.1092
    0.746     0.047     2.897     0.049    0.5939    0.0417    2.9472    0.0486
    0.747     0.052    -0.744     0.054     0.708    0.0481   -0.6545    0.0548
    0.722     0.065    -2.197     0.084    0.6185    0.0454   -1.8459    0.0484
    -0.09     0.031    -2.375     0.038   -0.1804      0.07   -2.2059    0.0768
    3.569     0.041     0.123     0.043    3.6014    0.0655    0.2162    0.0746
   -6.373     0.027      17.8      0.03   -6.6129    0.0514    17.932    0.0479
   17.597     0.025    32.324     0.042    17.628    0.0612    32.571    0.0653
    3.289     0.018     4.336     0.023    3.3137    0.0716    4.6288    0.0806
   10.008     0.023    -1.627     0.028    9.8805    0.0671   -1.2922     0.076
   -2.315     0.045     0.799     0.059   -2.3424    0.0417    1.0332    0.0448
   -3.302     0.044    -9.133     0.048   -3.1852    0.0724   -9.1243    0.0703
   35.614     0.063     8.051      0.07    35.734    0.0438    7.9425    0.0497
   23.409     0.059    -8.509     0.091    23.313    0.0504   -8.3925    0.0562
    0.614     0.045    -0.465     0.048    0.5537    0.0599   -0.3011    0.0613
    0.058     0.039    -3.015     0.055   -1.8532    0.0916   -3.1552    0.0758
    9.171     0.059     7.477     0.074    9.1935    0.0801    7.6815    0.0805
    0.079     0.058    11.793     0.066   -0.3316    0.1014    11.122      0.11
  -70.231      0.06   -100.96     0.081   -70.209    0.0582   -100.95    0.0605
      -34     0.052   -52.256     0.072   -34.086    0.0486   -52.132    0.0883
   26.186     0.048    -3.605     0.054    26.039    0.0616   -3.2773    0.0711
    4.128     0.047     -2.87     0.052    4.0438    0.0561   -2.5807    0.0599
    11.37     0.017    -6.221     0.024    11.167    0.0725   -6.1483    0.0714
    3.841     0.045    -4.214     0.063    3.6313    0.0465   -4.1484    0.0595
    -0.77     0.051     7.237     0.053   -0.8768     0.048    7.3819    0.0753
   -3.827     0.025    -7.733     0.033   -3.8164    0.0669    -7.386    0.0769
   -3.409     0.137    -5.831     0.184   -3.2479     0.037   -5.7025    0.0488
    2.309     0.032    -9.941     0.034    3.4922    0.0665   -9.1482    0.0815
   -6.279     0.048    -9.786      0.08   -6.2394    0.0481   -9.5506    0.0604
  -20.083     0.078   -11.613     0.097    -20.13    0.0454   -11.696    0.0532
     0.01     0.035    -2.698     0.045    1.4394    0.0609   -2.7798    0.0705
   22.114     0.046    19.786     0.052    23.441    0.2203    18.859    0.2198
   -7.836     0.039   -23.516      0.05   -7.9149    0.0497   -23.308    0.0515
   -0.498     0.039    -5.162     0.059   -0.4337    0.0643   -5.0644     0.068
  -12.762     0.051   -21.993     0.078   -12.865    0.0571   -21.783    0.0559
   -2.207     0.061    -4.522     0.071   -1.9953    0.0515    -4.429    0.0688
    6.459     0.024    13.304     0.032    6.6311    0.0651    13.719    0.0664
   -9.841      0.02    221.94      0.03   -9.9302    0.0494    222.13    0.0596
    2.412     0.023   -15.124     0.033    2.0247    0.1341   -14.436    0.1359
   -1.616     0.071    -0.282     0.087   -1.5959    0.0441   -0.2868    0.0598
    0.808     0.021    -5.464     0.029    1.2716    0.0454   -6.6754     0.059
   -3.571     0.019    -5.477     0.024    -3.559    0.0607   -5.3827    0.0668
   -4.397     0.058    -0.652     0.068    -4.778    0.0506   -0.5239    0.0537
   -1.692     0.049    -3.718     0.063   -1.7789    0.0603   -3.4544    0.0619
   93.761     0.021   -216.83     0.031    93.719    0.0451   -216.72    0.0498
   76.309     0.053    72.456     0.064    76.272    0.0552    72.556     0.056
   40.374      0.06    33.565     0.077    40.317    0.0605    33.821    0.0758
  -119.67     0.202   -123.58     0.227   -119.66    0.0472   -123.06     0.048
   -2.779     0.068    -2.769     0.088   -3.1004    0.0749   -2.6085    0.0885
    0.373     0.036    -3.083     0.044   -0.6715    0.0556   -3.0144      0.07
     9.92     0.026    11.475     0.027    9.7785    0.0773    11.659    0.0874
    -2.23      0.06     -2.71     0.081   -1.4756    0.0665   -2.9019    0.0666
   -3.489     0.132    -5.205     0.146   -3.5908    0.0471   -5.0943    0.0485
   -0.443     0.035    -5.621     0.044   -0.6415    0.0436   -5.2656    0.0536
   17.557     0.036     -1.03      0.04    10.596    0.2962    1.7743    0.3119
   -0.753     0.033     -1.17     0.034   -1.2451    0.0837    -0.284    0.0845
   -8.458     0.147     4.378      0.18   -8.4473     0.048    4.4819    0.0495
    1.935     0.163    -2.137      0.21    2.2536    0.0526   -1.9844    0.0584
   -2.491      0.23    -5.045     0.286   -2.7671    0.0491   -5.0363     0.049
    0.863     0.071    -5.779     0.089    2.0068    0.0622   -4.9692    0.0579
   -1.761     0.125    -3.661     0.149    -1.527    0.0645     -3.74    0.0937
    1.431     0.033    -1.694     0.034    1.3722    0.0739   -1.6063    0.0736
    6.715     0.025     7.097     0.033    6.7722     0.076    7.0298    0.0828
   -0.127     0.042    -11.91     0.044   -0.2248    0.0453   -11.798    0.0512
   13.299     0.053    11.113      0.06    13.181      0.05    11.267    0.0579
   18.892     0.025    29.913     0.029    18.901    0.0587    29.986    0.0585
    2.253     0.042     0.569      0.06    2.0868    0.0738    0.8944    0.0823
   11.271     0.077     4.623     0.083    11.116    0.0493    4.9075    0.0471
    4.015     0.038   -16.096     0.042    3.9191    0.2243   -16.088    0.2468
   46.207     0.029    22.161     0.035    46.117    0.0461    22.261    0.0659
   -1.197     0.039    -9.952     0.047   -0.8735    0.2253   -10.166     0.263
   -4.297     0.066    -6.589     0.074   -4.4053    0.0411    -6.387    0.0462
   25.335     0.066    20.112     0.074    25.187    0.0411    20.193    0.0486
   -8.435     0.086    -5.569     0.104   -8.5361    0.0445   -5.4326    0.0546
    1.473     0.029    -1.791     0.032   -0.2955    0.0735   -2.8001     0.075
