1.000000000000000048e-04 1.914986894702199474e+07
1.010372699238004895e-04 1.914982877001038194e+07
1.020852991365491858e-04 1.914978817625471205e+07
1.031441992411143843e-04 1.914974716143222526e+07
1.042140829979873234e-04 1.914970572117532045e+07
1.052950643372899044e-04 1.914966385107108951e+07
1.063872583709069952e-04 1.914962154666086659e+07
1.074907814047443386e-04 1.914957880343971774e+07
1.086057509511138684e-04 1.914953294314284995e+07
1.097322857412474348e-04 1.914948519818766043e+07
1.108705057379402015e-04 1.914943695798840746e+07
1.120205321483253524e-04 1.914938821740807965e+07
1.131824874367811929e-04 1.914933897125637159e+07
1.143564953379721920e-04 1.914928921428913996e+07
1.155426808700252630e-04 1.914923894120785594e+07
1.167411703478428187e-04 1.914918814665901661e+07
1.179520913965536943e-04 1.914913682523360103e+07
1.191755729651037984e-04 1.914908464624297246e+07
1.204117453399877367e-04 1.914902662813914195e+07
1.216607401591226557e-04 1.914896800823096558e+07
1.229226904258662995e-04 1.914890878027611226e+07
1.241977305231801868e-04 1.914884893796750158e+07
1.254859962279399272e-04 1.914878847493261844e+07
1.267876247253937622e-04 1.914872738473285735e+07
1.281027546237712951e-04 1.914866566086282954e+07
1.294315259690436294e-04 1.914860329674966261e+07
1.307740802598365154e-04 1.914854028575230762e+07
1.321305604624985110e-04 1.914847363089774549e+07
1.335011110263250233e-04 1.914840275871936604e+07
1.348858778989406163e-04 1.914833115140519291e+07
1.362850085418405616e-04 1.914825880132988840e+07
1.376986519460940157e-04 1.914818570078901574e+07
1.391269586482095572e-04 1.914811184199821576e+07
1.405700807461657666e-04 1.914803721709239110e+07
1.420281719156078239e-04 1.914796181812486425e+07
1.435013874262120771e-04 1.914788563706652448e+07
1.449898841582205591e-04 1.914780866580497846e+07
1.464938206191469707e-04 1.914772434761589766e+07
1.480133569606556217e-04 1.914763810315196589e+07
1.495486549956159578e-04 1.914755096410014853e+07
1.510998782153336235e-04 1.914746292118115351e+07
1.526671918069604449e-04 1.914737396501944214e+07
1.542507626710848780e-04 1.914728408614221588e+07
1.558507594395049014e-04 1.914719327497843280e+07
1.574673524931855483e-04 1.914710152185775712e+07
1.591007139804022439e-04 1.914700881700956076e+07
1.607510178350727941e-04 1.914691250986003131e+07
1.624184397952791630e-04 1.914680781487625465e+07
1.641031574219815891e-04 1.914670203392290324e+07
1.658053501179267727e-04 1.914659515573553368e+07
1.675251991467521415e-04 1.914648716893287376e+07
1.692628876522882546e-04 1.914637806201558560e+07
1.710186006780616474e-04 1.914626782336506248e+07
1.727925251869996378e-04 1.914615644124216959e+07
1.745848500813397737e-04 1.914604390378601849e+07
1.763957662227456870e-04 1.914593019901268184e+07
1.782254664526316558e-04 1.914580783341332152e+07
1.800741456126979357e-04 1.914568043321231753e+07
1.819420005656791366e-04 1.914555171152734384e+07
1.838292302163078409e-04 1.914542165465104952e+07
1.857360355324955776e-04 1.914529024873389304e+07
1.876626195667335090e-04 1.914515747978267819e+07
1.896091874777153794e-04 1.914502333365906402e+07
1.915759465521842163e-04 1.914488779607805610e+07
1.935631062270061172e-04 1.914475085260648653e+07
1.955708781114728304e-04 1.914461151349977031e+07
1.975994760098356503e-04 1.914445738032310456e+07
1.996491159440730398e-04 1.914430164836935699e+07
2.017200161768945000e-04 1.914414430105489120e+07
2.038123972349828829e-04 1.914398532162405550e+07
2.059264819324781301e-04 1.914382469314739853e+07
2.080624953947041687e-04 1.914366239851986244e+07
2.102206650821421947e-04 1.914349842045897245e+07
2.124012208146526428e-04 1.914333274150297046e+07
2.146043947959480971e-04 1.914316534400898963e+07
2.168304216383205266e-04 1.914298840208987147e+07
2.190795383876246105e-04 1.914280079109859094e+07
2.213519845485203497e-04 1.914261123407492042e+07
2.236480021099777036e-04 1.914241971083325520e+07
2.259678355710451482e-04 1.914222620097861066e+07
2.283117319668865469e-04 1.914203068390443921e+07
2.306799408950870403e-04 1.914183313879046589e+07
2.330727145422325326e-04 1.914163354460043833e+07
2.354903077107644584e-04 1.914143188007990643e+07
2.379329778461134598e-04 1.914122812375395745e+07
2.404009850641140617e-04 1.914100462876791507e+07
2.428945921787041941e-04 1.914077622748256847e+07
2.454140647299117572e-04 1.914054545705937967e+07
2.479596710121314000e-04 1.914031229292399809e+07
2.505316821026948738e-04 1.914007671024717018e+07
2.531303718907375625e-04 1.913983868394209072e+07
2.557560171063644975e-04 1.913959818866173550e+07
2.584088973501189176e-04 1.913935519879616797e+07
2.610892951227561419e-04 1.913910968846980855e+07
2.637974958553271983e-04 1.913885494184707105e+07
2.665337879395733470e-04 1.913857978861151636e+07
2.692984627586367035e-04 1.913830178129420802e+07
2.720918147180890752e-04 1.913802089029060677e+07
2.749141412772828047e-04 1.913773708568910882e+07
2.777657429810264419e-04 1.913745033726783842e+07
2.806469234915895785e-04 1.913716061449143291e+07
2.835579896210391779e-04 1.913686788650780916e+07
2.864992513639115198e-04 1.913657212214485183e+07
2.894710219302229579e-04 1.913627328990711272e+07
2.924736177788230689e-04 1.913595175548723340e+07
2.955073586510939868e-04 1.913561746981335059e+07
2.985725676049990132e-04 1.913527971669471264e+07
3.016695710494845693e-04 1.913493846016456187e+07
3.047986987792388499e-04 1.913459366388305649e+07
3.079602840098111379e-04 1.913424529113342613e+07
3.111546634130954643e-04 1.913389330481804162e+07
3.143821771531821380e-04 1.913353766745447367e+07
3.176431689225812666e-04 1.913317834117149189e+07
3.209379859788219513e-04 1.913281257874717191e+07
3.242669791814313334e-04 1.913241115183551610e+07
3.276305030292967434e-04 1.913200556104324013e+07
3.310289156984158316e-04 1.913159576317965984e+07
3.344625790800383669e-04 1.913118171460609511e+07
3.379318588192030642e-04 1.913076337123120576e+07
3.414371243536745378e-04 1.913034068850630894e+07
3.449787489532844982e-04 1.912991362142063677e+07
3.485571097596801217e-04 1.912948212449652702e+07
3.521725878264855012e-04 1.912904615178460255e+07
3.558255681598795385e-04 1.912858622273878753e+07
3.595164397595941824e-04 1.912810042522877827e+07
3.632455956603387577e-04 1.912760958868730068e+07
3.670134329736533135e-04 1.912711366084600613e+07
3.708203529301967358e-04 1.912661258889437094e+07
3.746667609224724454e-04 1.912610631947408244e+07
3.785530665479987797e-04 1.912559479867336899e+07
3.824796836529255795e-04 1.912507797202122957e+07
3.864470303761046756e-04 1.912455578448167443e+07
3.904555291936161209e-04 1.912402818044782057e+07
3.945056069637575390e-04 1.912345283765523508e+07
3.985976949724991916e-04 1.912286588812781125e+07
4.027322289794108912e-04 1.912227285034947097e+07
4.069096492640656370e-04 1.912167366116861999e+07
4.111304006729238239e-04 1.912106825677860528e+07
4.153949326667045290e-04 1.912045657271093875e+07
4.197036993682475622e-04 1.911983854382840917e+07
4.240571596108723526e-04 1.911921410431816056e+07
4.284557769872386038e-04 1.911858318768468127e+07
4.329000198987128915e-04 1.911792977268951014e+07
4.373903616052485775e-04 1.911722932622653618e+07
4.419272802757820743e-04 1.911652161424306780e+07
4.465112590391521834e-04 1.911580656137605011e+07
4.511427860355482532e-04 1.911508409148070216e+07
4.558223544684905171e-04 1.911435412762242183e+07
4.605504626573515034e-04 1.911361659206858277e+07
4.653276140904201419e-04 1.911287140628026798e+07
4.701543174785184891e-04 1.911211849090389535e+07
4.750310868091726425e-04 1.911135776576276869e+07
4.799584414013467358e-04 1.911054472671293467e+07
4.849369059607445682e-04 1.910970290467881784e+07
4.899670106356839635e-04 1.910885235067792982e+07
4.950492910735522067e-04 1.910799297413620353e+07
5.001842884778457581e-04 1.910712468354007974e+07
5.053725496658019413e-04 1.910624738642675057e+07
5.106146271266290022e-04 1.910536098937432095e+07
5.159110790803394728e-04 1.910446539799186215e+07
5.212624695371943740e-04 1.910356051690935344e+07
5.266693683577633543e-04 1.910263962663627416e+07
5.321323513136085688e-04 1.910164103731803223e+07
5.376520001485969634e-04 1.910063208993313089e+07
5.432289026408500688e-04 1.909961267704045773e+07
5.488636526653349916e-04 1.909858269008444995e+07
5.545568502571053852e-04 1.909754201938353106e+07
5.603091016751976039e-04 1.909649055411842093e+07
5.661210194671911474e-04 1.909542818232036009e+07
5.719932225344369738e-04 1.909435479085915908e+07
5.779263361979638733e-04 1.909327026543116570e+07
5.839209922650674548e-04 1.909213284978456795e+07
5.899778290965903118e-04 1.909094025599588826e+07
5.960974916749003059e-04 1.908973529179052636e+07
6.022806316725732570e-04 1.908851782885386795e+07
6.085279075217884951e-04 1.908728773754033446e+07
6.148399844844444325e-04 1.908604488685956970e+07
6.212175347230012006e-04 1.908478914446249604e+07
6.276612373720576177e-04 1.908352037662721798e+07
6.341717786106720271e-04 1.908223844824478030e+07
6.407498517354311271e-04 1.908094322280478850e+07
6.473961572342789347e-04 1.907954901175917685e+07
6.541114028611102202e-04 1.907813004898460209e+07
6.608963037111380626e-04 1.907669636773593351e+07
6.677515822970427886e-04 1.907524781534286961e+07
6.746779686259118383e-04 1.907378423755150288e+07
6.816762002769765185e-04 1.907230547850789502e+07
6.887470224801556197e-04 1.907081138074148074e+07
6.958911881954135941e-04 1.906930178514830396e+07
7.031094581929425106e-04 1.906777653097407147e+07
7.104026011341745082e-04 1.906620384784973040e+07
7.177713936536355907e-04 1.906453898684483394e+07
7.252166204416483518e-04 1.906285685673746467e+07
7.327390743278918697e-04 1.906115727840041369e+07
7.403395563658292898e-04 1.905944007084843889e+07
7.480188759180099239e-04 1.905770505121899769e+07
7.557778507422580104e-04 1.905595203475276753e+07
7.636173070787532309e-04 1.905418083477397636e+07
7.715380797380163181e-04 1.905239126267051324e+07
7.795410121898065873e-04 1.905058312787385657e+07
7.876269566529412553e-04 1.904867346563063189e+07
7.957967741860473912e-04 1.904670786661628634e+07
8.040513347792537608e-04 1.904472187903454527e+07
8.123915174468353609e-04 1.904271529140092432e+07
8.208182103208176879e-04 1.904068789003728703e+07
8.293323107455529948e-04 1.903863945904907212e+07
8.379347253732762329e-04 1.903656978030230477e+07
8.466263702606534715e-04 1.903447863340037689e+07
8.554081709663310376e-04 1.903236579566057399e+07
8.642810626494965400e-04 1.903021799867143109e+07
8.732459901694630561e-04 1.902792899936259165e+07
8.823039081862847199e-04 1.902561625695236400e+07
8.914557812624172633e-04 1.902327952516070381e+07
9.007025839654329456e-04 1.902091855515296385e+07
9.100453009718002763e-04 1.901853309551342949e+07
9.194849271717404600e-04 1.901612289221850410e+07
9.290224677751717300e-04 1.901368768860970065e+07
9.386589384187525196e-04 1.901122722536627948e+07
9.483953652740352916e-04 1.900874124047765136e+07
9.582327851567406726e-04 1.900615731243899465e+07
9.681722456371671818e-04 1.900347444372423366e+07
9.782148051517452255e-04 1.900076374641920254e+07
9.883615331157480453e-04 1.899802493186629936e+07
9.986135100371711093e-04 1.899525770841377228e+07
1.008971827631794911e-03 1.899246178138464689e+07
1.019437588939439525e-03 1.898963685304535553e+07
1.030011908441425331e-03 1.898678262257403135e+07
1.040695912179251739e-03 1.898389878602847457e+07
1.051490737874508216e-03 1.898098503631377965e+07
1.062397535050028236e-03 1.897789759555014595e+07
1.073417465152299828e-03 1.897476271036736295e+07
1.084551701675146376e-03 1.897159530796343088e+07
1.095801430284688936e-03 1.896839505104699731e+07
1.107167848945607653e-03 1.896516159882808849e+07
1.118652168048709207e-03 1.896189460698181018e+07
1.130255610539820455e-03 1.895859372761169821e+07
1.141979412050017802e-03 1.895525860921265930e+07
1.153824821027206200e-03 1.895188889663354307e+07
1.165793098869066183e-03 1.894843109373883903e+07
1.177885520057376763e-03 1.894481598529178649e+07
1.190103372293732815e-03 1.894116337841210514e+07
1.202447956636671072e-03 1.893747288413982466e+07
1.214920587640216845e-03 1.893374410948041454e+07
1.227522593493869055e-03 1.892997665736294165e+07
1.240255316164036578e-03 1.892617012659775466e+07
1.253120111536942805e-03 1.892232411183380336e+07
1.266118349563010587e-03 1.891843820351544395e+07
1.279251414402746839e-03 1.891451198783882707e+07
1.292520704574138960e-03 1.891041061477034539e+07
1.305927633101580622e-03 1.890621084357005358e+07
1.319473627666342989e-03 1.890196750940622762e+07
1.333160130758605016e-03 1.889768016041335836e+07
1.346988599831063426e-03 1.889334834003885463e+07
1.360960507454132351e-03 1.888897158699445426e+07
1.375077341472756478e-03 1.888454943520708755e+07
1.389340605164848764e-03 1.888008141376924142e+07
1.403751817401371373e-03 1.887556704688883573e+07
1.418312512808078685e-03 1.887098321417878196e+07
1.433024241928935842e-03 1.886616694573378563e+07
1.447888571391234497e-03 1.886130071958475932e+07
1.462907084072420519e-03 1.885638401753546670e+07
1.478081379268650353e-03 1.885141631601457298e+07
1.493413072865099446e-03 1.884639708601989970e+07
1.508903797508033811e-03 1.884132579306208715e+07
1.524555202778668126e-03 1.883620189710767195e+07
1.540368955368826660e-03 1.883102485252159461e+07
1.556346739258427161e-03 1.882579410800908506e+07
1.572490255894804650e-03 1.882039498234979063e+07
1.588801224373894826e-03 1.881483036574832723e+07
1.605281381623299220e-03 1.880920802905248106e+07
1.621932482587246397e-03 1.880352737354907766e+07
1.638756300413474589e-03 1.879778779431466013e+07
1.655754626642049181e-03 1.879198868015109003e+07
1.672929271396142187e-03 1.878612941352045536e+07
1.690282063574789079e-03 1.878020937047930807e+07
1.707814851047644673e-03 1.877422792061221600e+07
1.725529500851759757e-03 1.876818442696464807e+07
1.743427899390399913e-03 1.876186010710110515e+07
1.761511952633922811e-03 1.875544947804629058e+07
1.779783586322745623e-03 1.874897235346436128e+07
1.798244746172409075e-03 1.874242804361722246e+07
1.816897398080777803e-03 1.873581585161231458e+07
1.835743528337383315e-03 1.872913507332843542e+07
1.854785143834940990e-03 1.872238499734074250e+07
1.874024272283060641e-03 1.871556490484499559e+07
1.893462962424173395e-03 1.870867406958101690e+07
1.913103284251701369e-03 1.870163221397522837e+07
1.932947329230483334e-03 1.869434405379281193e+07
1.952997210519496303e-03 1.868698029571682215e+07
1.973255063196877133e-03 1.867954015559304878e+07
1.993723044487289049e-03 1.867202284113348275e+07
2.014403333991634810e-03 1.866442755183194950e+07
2.035298133919164441e-03 1.865675347887886688e+07
2.056409669321980146e-03 1.864899980507511273e+07
2.077740188331982183e-03 1.864116570474499837e+07
2.099291962400265908e-03 1.863325034364836290e+07
2.121067286539004681e-03 1.862506460737872496e+07
2.143068479565844644e-03 1.861671957105652243e+07
2.165297884350829601e-03 1.860828797418241948e+07
2.187757868065889379e-03 1.859976891888984293e+07
2.210450822436915534e-03 1.859116149799892679e+07
2.233379163998453886e-03 1.858246479491989687e+07
2.256545334351036866e-03 1.857367788355546072e+07
2.279951800421183439e-03 1.856479982820221409e+07
2.303601054724099990e-03 1.855582968345097080e+07
2.327495615629104290e-03 1.854673442498252913e+07
2.351638027627799866e-03 1.853730815425631031e+07
2.376030861605037646e-03 1.852778410765891150e+07
2.400676715112684372e-03 1.851816127099062875e+07
2.425578212646229900e-03 1.850843861953176931e+07
2.450738005924266768e-03 1.849861511793353409e+07
2.476158774170867174e-03 1.848868972010775283e+07
2.501843224400888185e-03 1.847866136911550909e+07
2.527794091708238967e-03 1.846852899705456942e+07
2.554014139557134362e-03 1.845829152494567260e+07
2.580506160076372502e-03 1.844780888228942826e+07
2.607272974356663383e-03 1.843708954833711311e+07
2.634317432751043502e-03 1.842625902595767751e+07
2.661642415178403030e-03 1.841531616182701290e+07
2.689250831430165401e-03 1.840425979065791517e+07
2.717145621480145361e-03 1.839308873507601768e+07
2.745329755797620581e-03 1.838180180549439788e+07
2.773806235663655011e-03 1.837039779998691007e+07
2.802578093490696101e-03 1.835887550416018069e+07
2.831648393145496604e-03 1.834723369102431089e+07
2.861020230275374433e-03 1.833523369672610983e+07
2.890696732637868666e-03 1.832308959998428449e+07
2.920681060433804287e-03 1.831081953617943823e+07
2.950976406643821166e-03 1.829842219869311154e+07
2.981585997368386368e-03 1.828589626735369116e+07
3.012513092171335317e-03 1.827324040829580650e+07
3.043760984426980426e-03 1.826045327381831780e+07
3.075333001670815369e-03 1.824753350224078074e+07
3.107232505953857506e-03 1.823447971775844321e+07
3.139462894200669221e-03 1.822121370109152421e+07
3.172027598571088968e-03 1.820765046212256700e+07
3.204930086825717988e-03 1.819394653575508669e+07
3.238173862695193934e-03 1.818010046268101782e+07
3.271762466253299098e-03 1.816611076845532656e+07
3.305699474293938376e-03 1.815197596333899722e+07
3.339988500712019921e-03 1.813769454214040935e+07
3.374633196888300515e-03 1.812326498405503854e+07
3.409637252078209953e-03 1.810868575250351056e+07
3.445004393804714741e-03 1.809395529496797547e+07
3.480738388255255784e-03 1.807892226489819959e+07
3.516843040682806048e-03 1.806367708292043582e+07
3.553322195811078974e-03 1.804827376725518703e+07
3.590179738243954016e-03 1.803271067762927338e+07
3.627419592879137927e-03 1.801698615675545484e+07
3.665045725326119500e-03 1.800109853015595302e+07
3.703062142328462838e-03 1.798504610598412901e+07
3.741472892190477774e-03 1.796882717484432831e+07
3.780282065208317738e-03 1.795244000960985571e+07
3.819493794105548005e-03 1.793586156994920969e+07
3.859112254473231161e-03 1.791896813800831139e+07
3.899141665214580534e-03 1.790189947557879239e+07
3.939586288994225381e-03 1.788465376504749432e+07
3.980450432692129482e-03 1.786722916994770989e+07
4.021738447862231204e-03 1.784962383476361260e+07
4.063454731195827174e-03 1.783183588473266736e+07
4.105603724989768943e-03 1.781386342564598843e+07
4.148189917619521210e-03 1.779570454364663735e+07
4.191217844017112830e-03 1.777735730502580851e+07
4.234692086154061286e-03 1.775876001686684042e+07
4.278617273529296619e-03 1.773991705323887989e+07
4.322998083662149028e-03 1.772087863721645623e+07
4.367839242590446959e-03 1.770164274143066630e+07
4.413145525373793343e-03 1.768220731748331338e+07
4.458921756602042541e-03 1.766257029572879151e+07
4.505172810909071658e-03 1.764272958505367860e+07
4.551903613491868790e-03 1.762268307265406847e+07
4.599119140635007583e-03 1.760242862381056324e+07
4.646824420240566224e-03 1.758196408166097105e+07
4.695024532363537700e-03 1.756124236802185327e+07
4.743724609752798978e-03 1.754030254718159512e+07
4.792929838397687672e-03 1.751914552387766540e+07
4.842645458080246067e-03 1.749776904513423517e+07
4.892876762933202721e-03 1.747617083460602909e+07
4.943629102003731582e-03 1.745434859233593568e+07
4.994907879823064917e-03 1.743229999451007321e+07
5.046718556982009510e-03 1.741002269321034476e+07
5.099066650712441584e-03 1.738751431616440043e+07
5.151957735474822948e-03 1.736478211023076996e+07
5.205397443551815564e-03 1.734183324928605556e+07
5.259391465648058719e-03 1.731864634670890868e+07
5.313945551496155641e-03 1.729521893336506933e+07
5.369065510468958892e-03 1.727154851450868696e+07
5.424757212198198786e-03 1.724763256951666996e+07
5.481026587199528538e-03 1.722346855162025988e+07
5.537879627504057288e-03 1.719905388763382658e+07
5.595322387296431700e-03 1.717438597768086568e+07
5.653360983559532933e-03 1.714946219491713494e+07
5.712001596725867908e-03 1.712436711879492179e+07
5.771250471335708648e-03 1.709904279796435311e+07
5.831113916702068169e-03 1.707345579557039961e+07
5.891598307582563213e-03 1.704760338689621538e+07
5.952710084858254917e-03 1.702148281896227226e+07
6.014455756219528118e-03 1.699509131023322791e+07
6.076841896859081285e-03 1.696842605032169819e+07
6.139875150172107755e-03 1.694148419968900457e+07
6.203562228463742854e-03 1.691426288934278116e+07
6.267909913663844562e-03 1.688679315068733320e+07
6.332925058049188385e-03 1.685924715566594899e+07
6.398614584973157104e-03 1.683141543432299793e+07
6.464985489602995648e-03 1.680329502290527895e+07
6.532044839664712631e-03 1.677488292691747472e+07
6.599799776195717019e-03 1.674617612080326863e+07
6.668257514305246311e-03 1.671717154762315750e+07
6.737425343942700720e-03 1.668786611872892082e+07
6.807310630673931058e-03 1.665825671343472227e+07
6.877920816465584418e-03 1.662834017868479341e+07
6.949263420477595245e-03 1.659826914802513458e+07
7.021346039863877314e-03 1.656801826167369634e+07
7.094176350581343250e-03 1.653745359197645262e+07
7.167762108207290615e-03 1.650657188415312953e+07
7.242111148765292480e-03 1.647536984966260009e+07
7.317231389559636714e-03 1.644384416585268639e+07
7.393130830018427614e-03 1.641199147560633905e+07
7.469817552545429673e-03 1.637980838698414713e+07
7.547299723380753236e-03 1.634729147286312468e+07
7.625585593470458369e-03 1.631443727057177946e+07
7.704683499345191429e-03 1.628164607977548055e+07
7.784601864007918530e-03 1.624853856609366275e+07
7.865349197830884265e-03 1.621508763812990673e+07
7.946934099461866810e-03 1.618128973375115171e+07
8.029365256739830897e-03 1.614714125387539901e+07
8.112651447620078393e-03 1.611263856208846159e+07
8.196801541109004913e-03 1.607777798425671645e+07
8.281824498208545729e-03 1.604255580813585781e+07
8.367729372870402055e-03 1.600696828297559172e+07
8.454525312960205555e-03 1.597122414396519400e+07
8.542221561231641905e-03 1.593551189403787255e+07
8.630827456310698198e-03 1.589942921168293990e+07
8.720352433690124402e-03 1.586297225451624207e+07
8.810806026734193871e-03 1.582613714029772021e+07
8.902197867693910360e-03 1.578891994651801139e+07
8.994537688732708383e-03 1.575131670998074301e+07
9.087835322962830795e-03 1.571332342638049833e+07
9.182100705492440840e-03 1.567493604987640493e+07
9.277343874483588368e-03 1.563615049266129732e+07
9.373574972221153379e-03 1.559753612950217538e+07
9.470804246192891795e-03 1.555871471123372205e+07
9.569042050180670209e-03 1.551949061006957665e+07
9.668298845363016217e-03 1.547985964910117537e+07
9.768585201429116210e-03 1.543981760809413344e+07
9.869911797704366413e-03 1.539936022303885221e+07
9.972289424287589937e-03 1.535848318569643423e+07
1.007572898320006211e-02 1.531718214313992485e+07
1.018024148954644464e-02 1.527545269729075953e+07
1.028583807268776927e-02 1.523342958762053400e+07
1.039252997742657822e-02 1.519175858385138959e+07
1.050032856520437263e-02 1.514965533929320425e+07
1.060924531531147116e-02 1.510711537044226937e+07
1.071929182610940889e-02 1.506413414728885330e+07
1.083047981626604483e-02 1.502070709283478372e+07
1.094282112600345434e-02 1.497682958260606974e+07
1.105632771835877472e-02 1.493249694416043907e+07
1.117101168045812887e-02 1.488770445658978634e+07
1.128688522480375891e-02 1.484244735001744144e+07
1.140396069057452930e-02 1.479733680822790042e+07
1.152225054493988959e-02 1.475225918306617253e+07
1.164176738438748790e-02 1.470671398125628009e+07
1.176252393606455615e-02 1.466069635276627913e+07
1.188453305913318714e-02 1.461420139725630358e+07
1.200780774613970092e-02 1.456722416355674155e+07
1.213236112439819436e-02 1.451975964914097823e+07
1.225820645738843855e-02 1.447180279959270172e+07
1.238535714616829757e-02 1.442334850806766003e+07
1.251382673080077626e-02 1.437439161474983953e+07
1.264362889179587897e-02 1.432620297231336497e+07
1.277477745156742513e-02 1.427757510079195350e+07
1.290728637590497947e-02 1.422844282698466629e+07
1.304116977546104089e-02 1.417880091887829639e+07
1.317644190725365816e-02 1.412864409018953890e+07
1.331311717618464605e-02 1.407796699980205856e+07
1.345121013657352496e-02 1.402676425119773299e+07
1.359073549370740618e-02 1.397503039188197628e+07
1.373170810540690935e-02 1.392275991280311719e+07
1.387414298360836913e-02 1.387050878907989897e+07
1.401805529596241232e-02 1.381873251009691879e+07
1.416346036744915368e-02 1.376641917134438455e+07
1.431037368201010761e-02 1.371356320206283219e+07
1.445881088419705661e-02 1.366015897370899282e+07
1.460878778083802426e-02 1.360620079935639910e+07
1.476032034272049993e-02 1.355168293308981508e+07
1.491342470629214260e-02 1.349659956939334981e+07
1.506811717537914416e-02 1.344094484253224172e+07
1.522441422292236668e-02 1.338471282592823170e+07
1.538233249273154510e-02 1.332931188746939227e+07
1.554188880125763686e-02 1.327378767577461898e+07
1.570310013938359950e-02 1.321768752813150920e+07
1.586598367423370029e-02 1.316100547052968666e+07
1.603055675100161989e-02 1.310373546699217334e+07
1.619683689479752692e-02 1.304587141893260367e+07
1.636484181251428305e-02 1.298740716450582072e+07
1.653458939471302153e-02 1.292833647795169242e+07
1.670609771752828293e-02 1.286865306893215701e+07
1.687938504459292680e-02 1.280870642479614168e+07
1.705446982898296479e-02 1.275000114090216719e+07
1.723137071518263466e-02 1.269068692475467920e+07
1.741010654106978778e-02 1.263075746008255705e+07
1.759069633992192683e-02 1.257020636509789340e+07
1.777315934244300816e-02 1.250902719181642495e+07
1.795751497881130712e-02 1.244721342537087575e+07
1.814378288074848869e-02 1.238475848331721872e+07
1.833198288361015046e-02 1.232165571493371390e+07
1.852213502849809484e-02 1.225789840051267855e+07
1.871425956439442054e-02 1.219497478375276551e+07
1.890837695031783935e-02 1.213256432352187857e+07
1.910450785750230848e-02 1.206950649835770950e+07
1.930267317159828008e-02 1.200579459333851188e+07
1.950289399489677639e-02 1.194142182389066741e+07
1.970519164857652966e-02 1.187638133506622352e+07
1.990958767497446116e-02 1.181066620081291161e+07
2.011610383987965864e-02 1.174426942323660478e+07
2.032476213485120628e-02 1.167718393185612559e+07
2.053558477956000938e-02 1.160940258285032213e+07
2.074859422415493634e-02 1.154403437340964936e+07
2.096381315165350007e-02 1.147810110112017766e+07
2.118126448035733550e-02 1.141148392282746918e+07
2.140097136629271618e-02 1.134417574458024651e+07
2.162295720567642202e-02 1.127616939884380810e+07
2.184724563740715608e-02 1.120745764373676851e+07
2.207386054558279492e-02 1.113803316225988790e+07
2.230282606204378806e-02 1.106788856151689403e+07
2.253416656894290451e-02 1.099701637192722224e+07
2.276790670134165237e-02 1.092685950342218764e+07
2.300407134983362828e-02 1.085848704149432294e+07
2.324268566319505694e-02 1.078940537258271873e+07
2.348377505106286414e-02 1.071960714029663615e+07
2.372736518664050540e-02 1.064908491193970479e+07
2.397348200943183114e-02 1.057783117771843448e+07
2.422215172800339100e-02 1.050583834994249977e+07
2.447340082277529166e-02 1.043309876221675240e+07
2.472725604884108003e-02 1.035960466862482950e+07
2.498374443881684615e-02 1.028534824290430732e+07
2.524289330571987192e-02 1.021409142642615736e+07
2.550473024587714826e-02 1.014323184848470055e+07
2.576928314186407651e-02 1.007163726545312442e+07
2.603658016547362453e-02 9.999300053344691172e+06
2.630664978071628468e-02 9.926212509091340005e+06
2.657952074685118390e-02 9.852366849723406136e+06
2.685522212144857840e-02 9.777755211540816352e+06
2.713378326348418051e-02 9.702369649275703356e+06
2.741523383646551210e-02 9.626202135246327147e+06
2.769960381159074225e-02 9.550284386833444238e+06
2.798692347094026978e-02 9.478633552593342960e+06
2.827722341070139020e-02 9.406239505799517035e+06
2.857053454442646731e-02 9.333094537331676111e+06
2.886688810632483115e-02 9.259190858105145395e+06
2.916631565458888131e-02 9.184520598241413012e+06
2.946884907475464527e-02 9.109075806230094284e+06
2.977452058309723593e-02 9.032848448082165793e+06
3.008336273006148934e-02 8.955830406474461779e+06
3.039540840372822322e-02 8.878013479885261506e+06
3.071069083331641469e-02 8.803698737441625446e+06
3.102924359272176552e-02 8.731835594758620486e+06
3.135110060409185273e-02 8.659227037310268730e+06
3.167629614143853412e-02 8.585865333133397624e+06
3.200486483428765377e-02 8.511742670063512400e+06
3.233684167136671034e-02 8.436851154902886599e+06
3.267226200433078626e-02 8.361182812580018304e+06
3.301116155152700182e-02 8.284729585300397128e+06
3.335357640179818089e-02 8.207483331688430160e+06
3.369954301832585319e-02 8.129435825920483097e+06
3.404909824251315525e-02 8.059518237798377872e+06
3.440227929790802552e-02 7.989101321074871346e+06
3.475912379416706138e-02 7.917953990852924995e+06
3.511966973106053769e-02 7.846068670772997662e+06
3.548395550251889213e-02 7.773437705888254568e+06
3.585201990072126726e-02 7.700053361849396490e+06
3.622390212022641443e-02 7.625907824081044644e+06
3.659964176214645232e-02 7.550993196949580684e+06
3.697927883836392426e-02 7.475301502922354266e+06
3.736285377579259132e-02 7.402907896872171201e+06
3.775040742068243999e-02 7.336530548568547703e+06
3.814198104296932790e-02 7.269464687994753011e+06
3.853761634066973224e-02 7.201703173420089297e+06
3.893735544432112144e-02 7.133238789034831338e+06
3.934124092146835255e-02 7.064064244181830436e+06
3.974931578119663550e-02 6.994172172580141574e+06
4.016162347871147370e-02 6.923555131540607661e+06
4.057820791996614301e-02 6.852205601173293777e+06
4.099911346633717396e-02 6.780115983586707152e+06
4.142438493934832294e-02 6.716866930653899908e+06
4.185406762544352510e-02 6.655686688580309041e+06
4.228820728080937008e-02 6.593871842256381176e+06
4.272685013624761413e-02 6.531415809123092331e+06
4.317004290209821432e-02 6.468311938342513517e+06
4.361783277321344687e-02 6.404553510089572519e+06
4.407026743398358148e-02 6.340133734836476855e+06
4.452739506341473613e-02 6.275045752629700117e+06
4.498926434025936338e-02 6.209282632359484211e+06
4.545592444819997191e-02 6.145137858237956651e+06
4.592742508108662441e-02 6.090745439612010494e+06
4.640381644822873936e-02 6.035788824786830693e+06
4.688514927974180013e-02 5.980262161524929106e+06
4.737147483194951991e-02 5.924159536885323003e+06
4.786284489284205190e-02 5.867474976593866944e+06
4.835931178759077936e-02 5.810202444407069124e+06
4.886092838412035844e-02 5.752335841469299048e+06
4.936774809873854114e-02 5.693869005663329735e+06
4.987982490182434059e-02 5.634795710954148322e+06
5.039721332357530864e-02 5.586813554357273504e+06
5.091996845981432845e-02 5.539011620271744207e+06
5.144814597785667826e-02 5.490713851100949571e+06
5.198180212243795617e-02 5.441915103696680628e+06
5.252099372170349056e-02 5.392610181562395766e+06
5.306577819325986045e-02 5.342793834299858660e+06
5.361621355028921981e-02 5.292460757050031796e+06
5.417235840772702260e-02 5.241605589928166941e+06
5.473427198850377290e-02 5.195132154788024724e+06
5.530201412985167458e-02 5.152850244643646292e+06
5.587564528967652738e-02 5.110129756962131709e+06
5.645522655299578529e-02 5.066966142510595731e+06
5.704081963844342962e-02 5.023354804868329316e+06
5.763248690484229497e-02 4.979291099937331863e+06
5.823029135784447974e-02 4.934770335447773337e+06
5.883429665664079156e-02 4.889787770458319224e+06
5.944456712073968585e-02 4.849605614381903782e+06
6.006116773681650922e-02 4.810706466746199876e+06
6.068416416563386651e-02 4.771403829951456748e+06
6.131362274903370130e-02 4.731693518725981005e+06
6.194961051700192262e-02 4.691571304385514930e+06
6.259219519480632710e-02 4.651032914382933639e+06
6.324144521020853837e-02 4.610074031853262335e+06
6.389742970075079631e-02 4.571352761848382652e+06
6.456021852111824832e-02 4.534204339254961349e+06
6.522988225057768652e-02 4.496670587246811949e+06
6.590649220049339674e-02 4.458747508917809464e+06
6.659012042192102854e-02 4.420431065903120674e+06
6.728083971328015223e-02 4.381717177949168719e+06
6.797872362810641889e-02 4.342601722479138523e+06
6.868384648288421157e-02 4.305519348949114792e+06
6.939628336496046768e-02 4.268356483921137638e+06
7.011611014054057456e-02 4.230808139671402983e+06
7.084340346276722655e-02 4.192870317739881109e+06
7.157824077988314548e-02 4.154538978191718459e+06
7.232070034347835852e-02 4.115810039187033661e+06
7.307086121682314361e-02 4.077295748096691445e+06
7.382880328328725317e-02 4.038737403987629339e+06
7.459460725484660937e-02 3.999779105772009585e+06
7.536835468067823451e-02 3.960416704846173991e+06
7.615012795584419347e-02 3.920646009574248921e+06
7.694001033006574175e-02 3.880462784841782413e+06
7.773808591658849798e-02 3.839904265013884753e+06
7.854443970113945961e-02 3.798938173806518782e+06
7.935915755097698587e-02 3.757547153656102251e+06
8.018232622403471954e-02 3.715726796902511269e+06
8.101403337816022454e-02 3.673472650166288950e+06
8.185436758044956074e-02 3.630854103473845869e+06
8.270341831667867016e-02 3.588054437363187317e+06
8.356127600083247675e-02 3.544810823188476730e+06
8.442803198473303183e-02 3.501118656009967439e+06
8.530377856776731604e-02 3.456973283122259192e+06
8.618860900671614089e-02 3.412370003558836412e+06
8.708261752568480230e-02 3.368743097901278641e+06
8.798589932613694320e-02 3.324690004748828709e+06
8.889855059703234696e-02 3.280179962110603694e+06
8.982066852506992438e-02 3.235208230187022593e+06
9.075235130503700454e-02 3.189802737519396003e+06
9.169369815026590098e-02 3.146757273296479601e+06
9.264480930319901608e-02 3.103265311419618316e+06
9.360578604606342723e-02 3.059322220502937213e+06
9.457673071165627332e-02 3.014923321120589972e+06
9.555774669424205170e-02 2.971388142882307060e+06
9.654893846056289419e-02 2.930766753191609401e+06
9.755041156096294630e-02 2.889724010043021291e+06
9.856227264062841775e-02 2.848255542863849085e+06
9.958462945094388730e-02 2.806356935746767092e+06
1.006175908609666936e-01 2.764023726979568135e+06
1.016612668690201199e-01 2.725997323068105616e+06
1.027157686144070103e-01 2.689382044555344153e+06
1.037812083892447612e-01 2.652386966771053150e+06
1.048576996504231168e-01 2.615008150171618909e+06
1.059453570316859911e-01 2.577241614349727519e+06
1.070442963558387306e-01 2.542487519246980548e+06
1.081546346470816933e-01 2.511247007774419617e+06
1.092764901434721686e-01 2.479682447872312274e+06
1.104099823095152366e-01 2.447790478283759672e+06
1.115552318488852584e-01 2.415567702886558603e+06
1.127123607172796499e-01 2.386323506129325368e+06
1.138814921354055071e-01 2.360339095047173556e+06
1.150627506021012769e-01 2.334085155483990442e+06
1.162562619075944437e-01 2.307558891701905057e+06
1.174621531468966473e-01 2.280757478963700589e+06
1.186805527333378713e-01 2.257592515495725442e+06
1.199115904122409620e-01 2.235561151192221791e+06
1.211553972747379804e-01 2.213301262172994670e+06
1.224121057717298400e-01 2.190810478019900154e+06
1.236818497279908169e-01 2.168758124027088750e+06
1.249647643564193999e-01 2.148863179174464662e+06
1.262609862724367038e-01 2.128761870042528026e+06
1.275706535085345261e-01 2.108452056076676119e+06
1.288939055289742841e-01 2.087931574518976035e+06
1.302308832446381626e-01 2.068016379476151429e+06
1.315817290280345275e-01 2.047984526603518520e+06
1.329465867284589653e-01 2.027744889345858246e+06
1.343256016873126124e-01 2.007295312418237329e+06
1.357189207535791364e-01 1.986156592991622863e+06
1.371266922994626436e-01 1.964652647530404152e+06
1.385490662361874015e-01 1.942925648110486101e+06
1.399861940299617913e-01 1.920973281060240697e+06
1.414382287181075726e-01 1.897806868374960264e+06
1.429053249253566527e-01 1.874153934001848800e+06
1.443876388803167488e-01 1.850255654854388675e+06
1.458853284321079136e-01 1.826109486045026686e+06
1.473985530671717559e-01 1.800799015685474500e+06
1.489274739262546055e-01 1.775218046041945228e+06
1.504722538215674810e-01 1.749371732694086153e+06
1.520330572541233050e-01 1.723261090172786266e+06
1.536100504312547244e-01 1.696887440508508589e+06
1.552034012843128696e-01 1.670240224908455741e+06
1.568132794865504387e-01 1.643316605755452532e+06
1.584398564711896329e-01 1.617092967291139299e+06
1.600833054496779428e-01 1.590852791516085388e+06
1.617438014301331162e-01 1.564340434289764380e+06
1.634215212359794722e-01 1.538521607866627630e+06
1.651166435247775066e-01 1.513982051394282607e+06
1.668293488072489228e-01 1.489187953483215300e+06
1.685598194664987004e-01 1.464468693039310165e+06
1.703082397774371148e-01 1.442698494555446319e+06
1.720747959264024574e-01 1.420702480350358179e+06
1.738596760309881195e-01 1.398478308105485281e+06
1.756630701600745137e-01 1.379558367066351930e+06
1.774851703540695214e-01 1.360791319962365553e+06
1.793261706453583570e-01 1.341829607923184056e+06
1.811862670789657903e-01 1.325493211878222879e+06
1.830656577334327240e-01 1.309576455089523690e+06
1.849645427419091548e-01 1.293494598569810856e+06
1.868831243134660980e-01 1.279273176696458831e+06
1.888216067546283350e-01 1.265290700276940595e+06
1.907801964911309267e-01 1.251163187834919896e+06
1.927591020899009078e-01 1.238103499966817908e+06
1.947585342812673259e-01 1.224982845035239123e+06
1.967787059814015693e-01 1.211758736217484111e+06
1.988198323149904523e-01 1.198619916198613821e+06
2.008821306381443905e-01 1.185344811151345726e+06
2.029658205615434974e-01 1.171717734356829664e+06
2.050711239738232661e-01 1.157618039500917308e+06
2.071982650652033076e-01 1.143372092750917422e+06
2.093474703513610591e-01 1.128323958363518352e+06
2.115189686975528782e-01 1.112881988466587383e+06
2.137129913429855754e-01 1.097179608136696275e+06
2.159297719254407166e-01 1.080725395763611188e+06
2.181695465061543049e-01 1.064100508794382215e+06
2.204325535949545611e-01 1.047237323274666094e+06
2.227190341756604131e-01 1.030159501498709084e+06
2.250292317317434676e-01 1.013005111499954597e+06
2.273633922722561318e-01 9.961740855569780106e+05
2.297217643580287683e-01 9.791684764440277359e+05
2.321045991281384668e-01 9.629632821549685905e+05
2.345121503266523189e-01 9.468809400622708490e+05
2.369446743296484970e-01 9.313935065757569391e+05
2.394024301725169168e-01 9.167486587087892694e+05
2.418856795775439217e-01 9.022426800854197936e+05
2.443946869817822110e-01 8.892504313119783765e+05
2.469297195652105648e-01 8.761234178495849483e+05
2.494910472791853906e-01 8.644946866723636631e+05
2.520789428751872285e-01 8.528911049840188352e+05
2.546936819338657676e-01 8.421569152123045642e+05
2.573355428943858159e-01 8.316649064076257637e+05
2.600048070840780268e-01 8.215500954908711137e+05
2.627017587483966299e-01 8.116491530704153702e+05
2.654266850811886624e-01 8.017875047581142280e+05
2.681798762552764503e-01 7.919561798222184880e+05
2.709616254533577795e-01 7.819492950979220914e+05
2.737722288992264219e-01 7.717570548601859482e+05
2.766119858893162919e-01 7.612832895144713111e+05
2.794811988245734513e-01 7.505055616740991827e+05
2.823801732426577948e-01 7.394544081932310946e+05
2.853092178504795795e-01 7.281355348919437965e+05
2.882686445570730172e-01 7.166688521472604480e+05
2.912587685068108723e-01 7.050623062906112755e+05
2.942799081129637284e-01 6.935378792759545613e+05
2.973323850916071986e-01 6.819771874275833834e+05
3.004165244958811321e-01 6.708131261303626234e+05
3.035326547506035921e-01 6.596570203859228641e+05
3.066811076872447694e-01 6.491860774323988007e+05
3.098622185792627715e-01 6.388650912474502111e+05
3.130763261778063966e-01 6.291462590310167288e+05
3.163237727477882788e-01 6.198161410331865773e+05
3.196049041043321215e-01 6.108430867426664336e+05
3.229200696495976852e-01 6.024014495021466864e+05
3.262696224099885800e-01 5.940875970631650416e+05
3.296539190737448055e-01 5.861585622526172083e+05
3.330733200289263674e-01 5.782746656405681279e+05
3.365281894017901343e-01 5.704606252011016477e+05
3.400188950955652656e-01 5.626259932572715916e+05
3.435458088296303170e-01 5.547122460663188249e+05
3.471093061790971879e-01 5.466797969806130277e+05
3.507097666148055182e-01 5.385228100462697912e+05
3.543475735437318086e-01 5.302598206837376347e+05
3.580231143498177060e-01 5.219229443252104102e+05
3.617367804352221716e-01 5.135834448875740054e+05
3.654889672620009744e-01 5.052403481785359909e+05
3.692800743942187269e-01 4.970869315935963532e+05
3.731105055404980164e-01 4.890903587791512837e+05
3.769806685970095717e-01 4.812446188842197298e+05
3.808909756909083510e-01 4.737428721547593013e+05
3.848418432242203813e-01 4.665023777189097600e+05
3.888336919181846207e-01 4.594620113338726223e+05
3.928669468580549551e-01 4.526728963131973287e+05
3.969420375383668209e-01 4.461211337681260193e+05
4.010593979086731764e-01 4.396670185658155824e+05
4.052194664197551477e-01 4.332896022366760299e+05
4.094226860703121251e-01 4.269739331827642163e+05
4.136695044541355282e-01 4.206600125554369297e+05
4.179603738077727892e-01 4.143227285970684025e+05
4.222957510586848873e-01 4.079582739405836328e+05
4.266760978739040366e-01 4.015773416984378127e+05
4.311018807091955840e-01 3.952231293719483074e+05
4.355735708587302746e-01 3.889180933093723143e+05
4.400916445052717174e-01 3.826935366186680621e+05
4.446565827708838792e-01 3.765799406205478590e+05
4.492688717681652677e-01 3.706226504980467726e+05
4.539290026520142463e-01 3.648494378240024089e+05
4.586374716719310851e-01 3.592206107006146340e+05
4.633947802248630232e-01 3.537271717196344398e+05
4.682014349085969473e-01 3.483530413441931014e+05
4.730579475757061281e-01 3.430756716779014096e+05
4.779648353880567857e-01 3.378683449041202548e+05
4.829226208718795932e-01 3.327131425713627250e+05
4.879318319734127218e-01 3.275846462321370491e+05
4.929930021151216479e-01 3.224759023040356697e+05
4.981066702525028811e-01 3.173954960837214021e+05
5.032733809314762219e-01 3.123591461088976357e+05
5.084936843463722100e-01 3.073847582578644506e+05
5.137681363985221461e-01 3.024883235581188346e+05
5.190972987554542950e-01 2.976824461901137256e+05
5.244817389107053751e-01 2.929761999885501573e+05
5.299220302442518848e-01 2.883730533302422846e+05
5.354187520835684833e-01 2.838674588071830221e+05
5.409724897653191977e-01 2.794453754360252060e+05
5.465838346976895634e-01 2.750903556397524080e+05
5.522533844233641354e-01 2.707899243805609876e+05
5.579817426831579219e-01 2.665368178322613821e+05
5.637695194803081788e-01 2.623271320145167410e+05
5.696173311454318933e-01 2.581602969379771093e+05
5.755258004021585050e-01 2.540410425969964126e+05
5.814955564334420846e-01 2.499787469535371347e+05
5.875272349485625156e-01 2.459830085461304407e+05
5.936214782508205667e-01 2.420585486515187367e+05
5.997789353059361783e-01 2.382042528717374080e+05
6.060002618111555162e-01 2.344165545531476382e+05
6.122861202650747847e-01 2.306919916128084296e+05
6.186371800381893493e-01 2.270296030384661863e+05
6.250541174441729408e-01 2.234233081330006535e+05
6.315376158118978234e-01 2.198604253086265817e+05
6.380883655582013647e-01 2.163399341222475341e+05
6.447070642614066704e-01 2.128655210044232081e+05
6.513944167356073844e-01 2.094404912234782241e+05
6.581511351057215409e-01 2.060696252587552008e+05
6.649779388833246818e-01 2.027890903577468998e+05
6.718755550432697898e-01 1.996347287941625982e+05
6.788447181011012521e-01 1.964476479867913004e+05
6.858861701912720710e-01 1.932275085487579927e+05
6.930006611461732025e-01 1.902189418539524486e+05
7.001889485759810183e-01 1.878041346323247417e+05
7.074517979493345488e-01 1.853642793416693166e+05
7.147899826748487229e-01 1.828991161658997298e+05
7.222042841834737104e-01 1.804083825939352100e+05
7.296954920117074694e-01 1.778918133917467494e+05
7.372644038856728255e-01 1.753491405741123599e+05
7.449118258060659636e-01 1.727800933760799526e+05
7.526385721339852175e-01 1.701843982241342019e+05
7.604454656776525878e-01 1.675617787070636696e+05
7.683333377800314334e-01 1.649119555465269077e+05
7.763030284073562104e-01 1.622346465673119528e+05
7.843553862385779230e-01 1.595295666672884545e+05
7.924912687557398305e-01 1.567964277870471997e+05
8.007115423352880734e-01 1.540349388792254904e+05
8.090170823403310951e-01 1.512448058775138634e+05
8.174087732138555218e-01 1.484257316653414746e+05
8.258875085729094900e-01 1.455774160442365683e+05
8.344541913037614167e-01 1.426995557018590625e+05
8.431097336580478663e-01 1.397918441797011183e+05
8.518550573499171774e-01 1.369335604940363555e+05
8.606910936541811719e-01 1.352098488980174297e+05
8.696187835054856041e-01 1.334682577600399090e+05
8.786390775985077894e-01 1.317086016209925583e+05
8.877529364891950658e-01 1.299306930980525940e+05
8.969613306970530830e-01 1.281343428647315013e+05
9.062652408084941325e-01 1.263193596307140397e+05
9.156656575812587295e-01 1.244855501214880787e+05
9.251635820499192198e-01 1.226327190577631118e+05
9.347600256324782864e-01 1.207606691346752923e+05
9.444560102380735733e-01 1.188692010007768113e+05
9.542525683757993038e-01 1.169581132368070539e+05
9.641507432646551079e-01 1.150272023342442553e+05
9.741515889446382692e-01 1.130762626736337697e+05
9.842561703889854963e-01 1.111050865026922838e+05
9.944655636175810942e-01 1.091134639141844673e+05
1.004780855811539197e+00 1.071011828235704888e+05
1.015203145428977383e+00 1.050680289464212401e+05
1.025733542321988656e+00 1.030137857755997393e+05
1.036373167854828026e+00 1.009382345582055568e+05
1.047123155023324648e+00 9.884115427228025510e+04
1.057984648575532205e+00 9.672232160327116435e+04
1.068958805133632506e+00 9.507438199447664374e+04
1.080046793317100740e+00 9.384936927897963324e+04
1.091249793867150597e+00 9.261164987502203439e+04
1.102568999772469471e+00 9.136109197994614078e+04
1.114005616396257059e+00 9.009756242394492438e+04
1.125560861604583573e+00 8.882092665588097589e+04
1.137235965896077783e+00 8.753104872895838344e+04
1.149032172532959750e+00 8.622779128624610894e+04
1.160950737673435595e+00 8.491101554605088313e+04
1.172992930505461828e+00 8.358058128713873157e+04
1.185160033381901012e+00 8.223634683380293427e+04
1.197453341957075423e+00 8.087816904077729851e+04
1.209874165324739792e+00 7.950590327799291117e+04
1.222423826157485571e+00 7.811940341517652269e+04
1.235103660847588269e+00 7.671852180628961651e+04
1.247915019649319168e+00 7.530310927380566136e+04
1.260859266822730529e+00 7.387301509282455663e+04
1.273937780778934048e+00 7.242808697502210271e+04
1.287151954226885220e+00 7.096817105243317201e+04
1.300503194321690925e+00 6.949311186106644163e+04
1.313992922814454678e+00 6.800275232434937789e+04
1.327622576203675964e+00 6.649693373640147911e+04
1.341393605888221652e+00 6.563786413552508748e+04
1.355307478321883030e+00 6.477327023377406294e+04
1.369365675169534891e+00 6.389970815951715485e+04
1.383569693464915984e+00 6.301708488859825593e+04
1.397921045770046167e+00 6.212530643194964796e+04
1.412421260336296003e+00 6.122427782558330364e+04
1.427071881267128139e+00 6.031390312047828047e+04
1.441874468682526000e+00 5.939408537236329721e+04
1.456830598885127781e+00 5.846472663139335782e+04
1.471941864528085731e+00 5.752572793171912053e+04
1.487209874784663821e+00 5.657698928094827716e+04
1.502636255519596009e+00 5.561840964949752379e+04
1.518222649462222629e+00 5.464988695983405341e+04
1.533970716381421129e+00 5.367131807560552261e+04
1.549882133262352690e+00 5.268259879065720452e+04
1.565958594485040489e+00 5.168362381793531677e+04
1.582201812004802477e+00 5.067428677827509819e+04
1.598613515534554663e+00 4.965448018907269579e+04
1.615195452729004222e+00 4.862409545283956686e+04
1.631949389370755288e+00 4.758302284563805733e+04
1.648877109558343879e+00 4.653115150539710885e+04
1.665980415896223477e+00 4.568469284772384708e+04
1.683261129686721480e+00 4.508445521953991556e+04
1.700721091123985840e+00 4.447799150696751167e+04
1.718362159489946528e+00 4.386523712870581949e+04
1.736186213352304275e+00 4.324612683357164497e+04
1.754195150764578326e+00 4.262059469355089823e+04
1.772390889468226094e+00 4.198857409677800024e+04
1.790775367096859583e+00 4.134999774044257356e+04
1.809350541382583222e+00 4.070479762362236215e+04
1.828118390364466217e+00 4.005290504004204558e+04
1.847080912599182279e+00 3.939425057075677614e+04
1.866240127373833158e+00 3.872876407675983501e+04
1.885598074920977973e+00 3.805637469151370897e+04
1.905156816635894312e+00 3.737701081340359815e+04
1.924918435296093300e+00 3.669060009811268537e+04
1.944885035283110630e+00 3.599706945091832313e+04
1.965058742806598646e+00 3.529634501890827960e+04
1.985441706130743666e+00 3.458835218311625795e+04
2.006036095803028996e+00 3.387301555057591759e+04
2.026844104885375586e+00 3.315025894629229151e+04
2.047867949187674341e+00 3.242000540513017768e+04
2.069109867503748035e+00 3.168217716361808561e+04
2.090572121849752829e+00 3.124321996705275160e+04
2.112256997705058037e+00 3.082448666606446204e+04
2.134166804255623884e+00 3.040140997048408099e+04
2.156303874639901252e+00 2.997394482758584491e+04
2.178670566197285385e+00 2.954204571732558907e+04
2.201269260719143972e+00 2.910566664749343545e+04
2.224102364702448487e+00 2.866476114881616741e+04
2.247172309606042528e+00 2.821928227000872721e+04
2.270481552109559154e+00 2.776918257277452722e+04
2.294032574375029832e+00 2.731441412675381071e+04
2.317827884311208564e+00 2.685492850441957489e+04
2.341870015840629371e+00 2.639067677592069595e+04
2.366161529169445998e+00 2.592160950387136472e+04
2.390705011060058283e+00 2.544767673808667314e+04
2.415503075106575803e+00 2.496882801026345624e+04
2.440558362013131699e+00 2.448501232860604432e+04
2.465873539875091947e+00 2.399617817239615397e+04
2.491451304463171201e+00 2.350227348650663407e+04
2.517294379510502278e+00 2.300324567585815385e+04
2.543405517002685023e+00 2.249904159981840348e+04
2.569787497470836346e+00 2.198960756654331999e+04
2.596443130287686252e+00 2.156507182700745398e+04
2.623375253966744314e+00 2.127738748452561049e+04
2.650586736464565885e+00 2.098671907888372152e+04
2.678080475486157574e+00 2.069303565729211914e+04
2.705859398793549087e+00 2.039630594589715474e+04
2.733926464517562938e+00 2.009649834645091323e+04
2.762284661472825587e+00 1.979358093294634818e+04
2.790937009476037289e+00 1.948752144821754700e+04
2.819886559667549530e+00 1.917828730050470767e+04
2.849136394836273123e+00 1.886584555998352880e+04
2.878689629747963163e+00 1.855016295525852547e+04
2.908549411476902602e+00 1.823120586982003442e+04
2.938718919741028390e+00 1.790894033846446473e+04
2.969201367240536626e+00 1.758333204367736835e+04
2.999999999999995559e+00 1.725434631197904309e+04
